A=[-1,2,3;
   0,-5,4;
   4,-2,7];
B=[5,2;
   3,0;
   -4,2];
C=[5,-3,1;
   0,6,-4;
   1,2,7];
D=[10,-4;
   6,3;
   8,5];
E=[1,2,7;
   -1,-2,3];
F=[2,-2,5,4];
G=[4,6,8,12]';

x1=A+C
x2=2*A-3*C
## x3=2+E
x4=3*F+0.25*G'
## x5=2*F-G
x6=B'-D'+E
x7=D+E'
x8=D'+E
