## Aufgabe 2.1
M1=[1,1,2,0;
    -3,2,0,1;
    8,-2,-2,2];
k1=[1,5,0]';

Mk1=M1\k1

## Aufgabe 2.2
M2=[2,-3;
-5,1;
1,-5];

k2=[11,-8,16]';

Mk2=M2\k2

## Aufgabe 2.3
M3=[1,1,-1;
    -2,0,1;
    5,-1,2;
    2,6,-3];

k3=[2,-2,4,5]';

Mk3=M3\k3

## Aufgabe 2.4
M4=[2,-1,4;
-4,5,3;
1,-2,1;
6,0,5];

k4=[0,0,0,0]';

Mk4=M4\k4

## Aufgabe 2.5
M5=[1,1,2;
    0,1,-1;
    3,4,5;
    3,5,4];

k5=[0,0,0,0]';

Mk5=M5\k5
